3286340937115
3286340944113
3286341830811
3286342052717
3286342055312
3286342055619
3286342056012
3286342057019
3286342057415
3286342057514
3286342057712
3286342057910
3286342130415
3286342131016
3286342237510
3286342238319
3286342238418
3286342239217
3286342239316
3286342372013
3286342602219
3286342604718
3286342607313
3286342843117
3528700306125
3528701748191
3528701860084
3528707793034
4019238012453
4019238016451
4019238030310
4019238043778
4019238044157
4019238046052
4019238083712
4019238091847
4019238091915
4019238092066
4019238092110
4019238092202
4019238092363
4019238092370
4019238092394
4019238092417
4019238092516
4019238092561
4019238092653
4019238093469
4019238097610
4019238299946
4019238818970
4024068000969
4024068004394
4024068004448
4024068004455
4024068004493
4024068004653
4024068004721
4024068006886
4038526054333
4038526068736
4038526069146
4038526069191
4038526099372
4038526099839
4038526102010
4038526102270
4038526102287
4038526324658
4038526326546
5420068603473
5420068603480
5420068610105
5420068610112
5420068629534
8019227178043
8019227261172
8019227377972
8019227399363
8019227399370
8019227413502
8019227422825
8808563330822
8808563340395
8808563423128
8808563448909
8808563473031
8808563478739
8808563479200
8808563479330
8808563479903
8808563479989
8808563515601
8808563515663
8808563515670
8808563515724
8808563530420
8808563536088
8808563536125
8808563536354
8808563550299
8808563550336
8808563565941
8808563579160
8808563590424
