3286340729512
3286342396811
3528708470361
4019238038286
4024068000518
4024068003045
4038526071170
4038526352835
5420068600427
5420068605576
5420068605613
5420068605620
5420068605651
5420068605699
5420068628230
5420068654871
5420068674138
6938112620448
8019227394153
8019227395433
8019227399103
8019227399110
8019227426564
8019227431360
8714692358074
8714692358098
8714692358104
8714692358111
8714692358142
8714692358159
8714692358227
8714692358265
8714692358272
8714692358364
8714692504082
8714692809699
8714692810299
8714692810725
8714692810879
8808563375168
8808563422657
8808563425771
8808563447384
8808563450858
8808563450896
8808563450926
8808563450940
8808563451824
8808563451831
8808563451848
8808563462578
8808563462592
8808563462615
8808563462639
8808563462646
8808563462660
8808563462677
8808563462684
8808563462691
8808563462721
8808563462745
8808563462752
8808563462769
8808563462806
8808563462844
8808563462868
8808563462875
8808563462905
8808563462929
8808563462936
8808563462943
8808563462967
8808563462974
8808563462998
8808563463001
8808563463025
8808563463032
8808563467368
8808563467412
8808563467429
8808563467450
8808563468624
8808563468631
8808563468648
8808563468655
8808563468679
8808563468709
8808563468723
8808563468730
8808563508627
8808563508634
8808563526522
8808563526645
8808563526652
8808563526713
8808563526744
8808563526836
8808563527277
8808563527291
8808563527307
8808563527314
8808563527338
8808563527345
8808563527376
8808563533360
8808563545080
