8019227256093
8019227267136
4019238009125
4019238287684
8019227382266
8019227278149
4019238009378
8019227385168
3286342865713
4019238009200
8019227361957
8019227271027
4019238008807
8019227361377
8019227319507
4019238287554
8019227398335
4019238046113
4019238082753
8019227385212
4019238013085
8019227271034
4038526076724
4019238031058
4019238191172
8019227408102
3286341319712
4019238287592
3286341919219
5452000829917
8019227398342
4019238032208
3286341512410
3286341513615
4019238295320
5452000722164
3286341116519
8019227276107
4019238022476
4019238321401
8019227252408
8019227426229
8019227357288
3286341357615
8808563415550
4019238343328
4019238083705
3286342328812
3286340331319
3286340990219
3286341509014
8808563479415
8019227385151
4019238399844
4019238080414
3286341829815
4019238295313
4038526029676
4038526071996
8019227381634
8808563447001
3286341283112
3286341338416
3286341765212
8019227327854
8019227343229
8019227393996
8019227352672
8019227392821
3286340938518
3286342346113
8019227389814
3286341964912
3528705845650
5452000724014
8019227195439
4019238092233
4024068002451
4038526073099
8019227394269
3286340982719
4019238002508
3286341338515
4019238287486
4019238316766
3286341765410
5452000831651
4019238066463
4038526100269
4019238752212
4024068003267
8019227378924
3286342621319
3286342840314
5452000680570
4019238286816
3286340990417
4038526073112
4019238004700
3286340583312
8019227315011
4019238651119
8019227412550
3286341371017
3286341411218
8019227351941
3286340646918
3286341294316
4019238299953
4019238298512
3286342280615
4038526328724
8019227261844
3286342345116
8019227351934
3286342122816
3528708385610
5452000809063
3286341960716
3286340873918
4019238401202
8019227379433
3286341412215
8808563478944
8019227379402
4038526091482
4019238007169
3286341114515
3286342280417
4038526403209
8808563479804
3286341319514
8019227281422
3286340936316
3286341925814
3286340982511
5452000819260
3286342176017
4038526055842
4019238006186
4019238007039
4024068006114
4019238316612
4019238815238
4019238008777
4019238402339
3286340974318
3286342046310
4019238285239
3286340937610
5452000831385
8808563479019
4019238302264
3286342092416
4019238073089
3286341412116
3286341043518
8808563479705
4038526328731
4019238038170
4019238284324
4038526021519
5452000583819
3286340813310
3286341281910
3286341418415
3286341764215
3286341880519
8808563478852
5452000680556
3286341044416
4019238043891
4019238296587
8808563449227
5452000597151
4019238013252
4024067003893
4024068003281
8808563479668
4019238099805
4038526052865
3286340647212
4019238288841
8808563479132
8019227456240
4038526053800
4019238285154
4024068003038
3286341048018
4019238043105
4038526425232
3286342756516
5452000714121
8808563455280
3286340982313
4038526325808
5452000829238
4019238295399
4024067003923
3286341286113
4019238010688
4019238076295
3286342239118
8808563478982
3286342297514
4019238091793
4019238590791
8808563478821
8808563479026
3286340983914
4019238038316
4024067003954
8808563479613
3286341411515
3286341657517
3286341029512
3286341301717
3286341403916
3286342391915
8808563479576
4038526045270
8808563508771
4019238091878
4019238590760
4019238092523
4038526074898
4019238094565
4024068000983
4024068004073
4024068000655
3286342130514
3286341282313
8808563454047
3286342120010
4019238050370
8808563545448
4038526035998
4024068001355
3286341500615
4024067004401
3286340985611
4019238043068
4019238009767
4019238594522
4019238084535
4024068000976
8808563335803
4024068003076
3286341926613
4024068000587
8808563536170
4019238295337
8808563415437
4019238038217
4024067003916
4019238295344
8808563437842
8808563467382
4019238038231
8808563334493
8808563556819
4024068001362
4038526101051
3286341354911
3286342570013
8808563422633
5420068627783
3286341593815
6975313253471
3286341375114
5420068627738
8808563545530
8808563393575
8808563433585
4019238038224
4019238093025
4024067002988
8019227431209
8808563375175
5420068635191
5420068637430
5420068684106
4019238092011
8808563433592
3286341380019
4038526074645
8808563393957
3286341938111
3286343139912
4019238038200
5420068665907
5420068684045
6938112651060
8859903106379
4019238038194
5420068605835
5420068668281
3286341516814
5420068635184
5420068676989
6975313253426
5420068675012
5420068675005
6938112651053
8859903104092
5420068637362
3286341516913
4019238038354
3286341529012
3286341529616
4024068005902
6927116128739
8808563433233
8808563446509
3286341517217
5420068674565
8808563433554
3286340889919
8848183005472
5420068628919
5420068674978
5420068678143
5420068679485
4024068004387
5420068668250
5420068675036
6927116128784
8808563413976
4024068004707
5420068625833
6975313253419
8808563411835
3286340890311
3286341517316
3286341529111
5420068634637
6938112625597
5420068628513
3286340928618
8808563411422
5420068646098
5420068657711
8808563590431
6938112611835
8808563462608
8859903104849
5420068627677
8859903103705
5420068678075
8859903104719
8859903104870
5420068627752
5420068628568
5420068638901
6975313252238
8859903104832
5420068615032
5420068637577
5420068639007
6927116160463
8808563433424
8808563438870
8848183008862
8859903105099
5420068626670
5420068646081
6938112605735
5420068638963
8848183005465
8859903104825
8859903104924
8859903105037
5420068618682
5420068622955
5420068659180
5420068675913
5420068678907
8848183007261
8859903104733
8859903104894
5420068617913
5420068659319
5420068679508
8808563452913
8859903105129
5420068637317
5420068645831
6975313252184
8808563590738
8859903104559
8859903104696
8859903104917
8859903104931
8859903105013
5420068638994
5420068659081
5420068677375
6927116141134
6938112651039
6971901478752
6975313250487
5420068617937
5420068627301
5420068678211
6938112607876
6971901476642
8859903103712
5420068619634
5420068637270
5420068639311
8848183007469
8859903103934
8859903104634
8859903104900
5420068637379
5420068657773
5420068677047
6975313254263
8848183008800
8859903102999
8859903103798
8859903104573
8859903104788
8859903104993
8859903105006
5420068644155
8848183007193
5420068634255
5420068677634
6938112605551
6975313254300
8859903103521
8859903104603
5420068677627
6971901474235
8848183005373
8848183007148
8859903104665
8859903104771
5420068637324
6927116144531
8859903104511
5420068617876
5420068634507
5420068639540
5420068677863
5420068688265
6927116128777
5420068674664
5420068675753
5420068677931
5420068688463
6975313254218
8848183005359
8859903104542
8848183007124
8859903104467
6927116138554
6938112620417
6971901478875
8848183006875
8859903104498
8859903104528
5420068659296
6938112637231
8859903104566
8859903104627
5420068637294
5420068647637
5420068649761
5420068658794
5420068665129
5420068682218
6971901477274
8848183006943
8848183007032
8848183007094
8859903104429
8859903104450
8859903104641
5420068657728
8848183008688
8859903104481
5420068622924
5420068638185
5420068655588
5420068687152
6938112651022
5420068646203
5420068654000
8859903104405
5420068674657
5420068675746
6932621607419
8848183006967
6938112614140
5420068618866
5420068619863
5420068622948
5420068646005
8848183007025
5420068674190
5420068689989
6938112651015
8859903102982
8859903104436
5420068678037
5420068678792
6938112608057
5420068627486
5420068676187
5420068685752
6932621607372
8848183006745
8859903103330
8859903104382
8859903104399
5420068658701
5420068676743
8848183006813
5420068619849
5420068655496
8859903104344
5420068619979
6932621607389
6938112651008
8848183006417
8848183006585
8848183006752
8859903103002
8859903103170
8859903104337
5420068619825
5420068637225
8848183006639
5420068619740
5420068658510
8848183006530
8848183006646
8859903102869
8859903102951
8859903104238
5420068675135
8848183006493
8848183006523
8848183006615
5420068659821
5420068683970
8859903104184
5420068619733
5420068627950
5420068675739
8848183006592
8859903102876
5420068674640
6927116111717
8859903102722
8859903104245
8859903104313
5420068636297
5420068645251
5420068648337
5420068676569
8848183006233
8848183006356
8859903104177
5420068637218
5420068679768
5420068637522
5420068619719
5420068619726
5420068664320
8859903102654
8859903104153
5420068623990
5420068645176
5420068647651
6938112637163
8848183006240
8848183006370
5420068619702
5420068666096
8859903102593
8859903104160
8859903102623
8859903104122
8859903104146
8848183006363
6975313253211
8848183005519
