3528707976925
8019227237771
4019238093810
8019227328738
4019238716634
4019238772036
8019227221916
4019238716641
4019238807950
4019238077957
4019238624847
8019227241327
8019227251623
8019227256024
8019227263442
4019238003772
4019238093551
3286342277219
3528703296362
4019238624830
4019238568042
8019227214819
4019238078787
4019238651676
4019238754070
8019227278248
3528704407088
4019238098662
3528709643498
4019238317800
4019238716795
8019227205954
8019227261752
3286342277110
4019238078855
4019238591163
4019238563122
8019227271089
8019227217995
3528706492952
8019227231526
3528704334605
8019227173796
4019238058482
4038526102911
8019227263435
4019238075915
8019227163926
8019227220476
8019227250183
8019227256031
8019227215489
3286342057613
3528702885437
8019227173789
3286342058412
4019238780789
8019227244113
3528708368194
8019227343236
8019227245097
4019238092776
4019238084085
3528705410681
4019238751116
4038526069511
4019238078923
4019238528091
4019238563627
3528704687527
3528707640710
8019227236132
8019227239027
3528707112477
3528700859911
8019227220599
5452000488077
8019227260342
4038526069320
4019238084160
8019227242300
8019227286137
8019227291001
3528702427811
4038526360199
4019238287530
8019227276435
8019227264920
8019227271362
8019227207477
8019227250206
3286342606712
3528703004813
4019238094497
8019227212846
3286342058917
4019238675337
8019227215298
8019227286120
8019227297973
3286342058719
4019238078817
8019227255027
8019227220575
3286342604619
8019227187601
8019227218145
8019227232325
8019227247909
4019238096989
4019238097795
8019227263411
3528707073716
8808563567372
8019227192902
3528705368517
8019227256956
3286340729819
4019238665109
8019227157420
4019238092769
4019238779653
4038526069092
3528708770843
8019227220490
3286341116311
4038526069078
8019227272291
3286340273619
4038526069238
8019227182538
4019238780598
5452000469298
8019227178050
4019238804492
8019227190687
8019227252873
8019227203202
3528705593551
8019227263213
8019227263824
4019238094480
4038526069344
8019227250176
8019227254433
4019238492415
4038526335722
8019227174823
8019227274264
8019227229783
8019227224559
8019227242812
8019227261325
3286340810616
3286342604015
8019227195378
3286342057217
4038526342256
8019227230871
4019238013429
8019227214673
3528705464769
4019238557367
8019227263237
3286342603513
3528706263095
4019238092455
8019227263756
4019238566499
4019238097658
3286342056913
3286342057811
3528703867586
3286342555713
4038526352828
8019227216615
4019238601701
4038526069085
8019227213713
8019227241921
8019227249446
3528701514727
3528703933526
3286342238616
8019227254600
3528701119977
3528703458333
8019227265231
3528708845060
8019227246766
4019238762501
8019227266276
8019227272222
8019227202779
8019227227314
3286342090313
4019238094923
4038526069177
3286342855110
8019227290837
4019238092448
4038526069047
4019238013504
4019238676426
8019227248951
8019227276398
4038526352811
8019227239362
8019227250596
4019238744095
3286340811514
3286342239415
3528702621004
8019227211948
3528704115365
4038526069108
3286340811019
8019227246124
3286340783316
4019238680508
4038526417695
4038526353832
4019238079388
8019227256338
8808563565798
3528705466213
8019227252880
8019227203196
4019238565997
8019227242478
8019227244519
5452000488084
8019227244007
4019238097689
4019238597080
4019238787504
8019227246223
3286340936613
3528707219077
4019238566062
4019238786910
3286342055718
4019238781342
8019227194197
8019227220735
8019227271980
3286340991414
3286341009514
3286342090115
4024068003199
8019227207484
8019227247916
8019227254495
8019227243574
8019227251562
8019227271966
4038526069214
8019227233162
8019227274448
8808563383033
8808563615080
3286340619912
8808563575292
3286342237619
8019227240467
8019227244489
8019227325522
4019238084528
4038526068309
8019227204100
8019227260717
4038526068798
8019227261516
4019238782028
8019227260724
8019227327564
4019238597615
4019238620146
4019238559149
4038526397706
4038526068835
3528701662602
4019238618501
4038526069023
8019227244533
8019227246131
8808563591100
3286342239712
3528701334042
4038526068842
3286342238012
4019238780734
3528702727768
4038526068675
3528709710855
8808563546902
4019238032536
4019238097474
4038526099822
8019227243048
8019227254488
3286342056210
4019238651829
4019238656909
4038526068774
4038526360809
5452000543394
4019238079463
8808563359519
3286340729017
4019238772418
8019227195347
4019238079265
8019227248999
8808563615219
8019227183009
4019238651614
4019238079272
8019227247930
5452000438744
8019227266184
8808563615141
4019238659160
4019238632026
8019227205602
8019227247923
4019238674873
3286342235615
4038526068200
4038526068729
5452000578457
8019227242331
8019227325911
4038526068194
4038526068248
4038526069016
8808563575490
8808563615226
4038526068712
8019227364408
4038526097705
8019227190144
3286342235318
4019238624427
8019227230253
4019238526004
8808563541235
3286341320510
4038526068743
8019227190137
3286340775618
4019238789607
8019227241785
4019238728354
8808563507194
3528708725072
3286340785310
3286342055114
4019238633542
8019227194944
3286340740418
8019227172300
4038526395481
3286340657310
4019238078541
4038526067920
8808563575469
8808563453507
3286341406719
3286342054919
4019238779455
4024068000570
3286342130316
8019227274301
8808563575377
8808563596426
4019238636116
4019238786927
8019227251838
8808563297453
8808563373010
3286340830119
4038526067906
8714692361487
8808563382975
4019238772333
3286341881516
3286342052816
8019227235067
8808563372068
8808563375274
3286341954616
3286342130217
4038526068231
4038526338211
8808563399706
8808563451862
3286340754217
8808563340173
8808563467344
8808563359526
8808563575391
3528708149564
4024068003977
8714692361470
8808563340388
8019227252002
6419440567853
8019227233704
8808563596174
5452000703712
8019227204025
8019227246254
3286342089010
3286342603919
3528706006937
4038526068286
8808563340371
4038526403575
8714692361425
8714692361517
8808563471792
8808563285351
4024068002932
3528708717329
4024068002260
8714692361289
3528701955063
8714692361500
3528700148787
5452000654144
8714692361333
4019238092615
8808563266503
4019238456226
8019227268829
5420068623075
8714692361326
4019238066968
5452000654755
8714692361401
8808563411927
8808563574776
8019227215380
3286340509312
4024068000532
4038526360328
3528704149667
4019238016291
8808563615905
5420068662524
8714692361432
3528709312356
5452000682291
8808563413938
8808563590646
3528709566025
4024068000808
4038526067852
3286342131115
5420068623020
5420068662494
8714692361418
8019227269369
3528706840579
6927116171919
8808563367484
3528707711168
5420068665242
4038526067845
8808563451800
5452000468512
8808563590417
4024068669746
5420068622207
5420068665839
8019227232899
4038526068149
4038526360342
5420068662500
5420068664214
5420068665891
5420068665853
5420068624119
5420068663484
5420068663507
8714692361388
8808563411552
5420068662418
5420068662425
5420068662487
5420068663491
5420068665884
8808563590622
8714692338359
8808563411767
5420068665303
8808563466606
8808563590592
8808563377940
8808563433493
8808563590714
5420068663460
8808563367460
5420068661985
8808563590691
8808563590707
5420068662111
5420068665860
5420068662456
5420068665044
5420068662043
5420068665228
5420068665327
6938112637590
5420068621989
8808563411378
8714692800818
5420068621132
8808563411330
5420068626526
5420068662050
4024068669326
5420068622894
5420068645169
8808563413655
5420068625673
5420068621927
5420068664771
8714692273315
8808956252106
5420068622917
5420068624416
5420068625659
5420068628544
5420068663392
5420068664986
5420068666003
4024068000679
5420068644148
5420068625482
5420068663934
5420068663941
5420068626496
5420068625307
5420068627202
5420068644032
5420068644285
4024068443001
8714692277818
5420068663675
5420068664801
5420068665457
5420068665808
5420068661947
5420068664894
5420068665822
5420068667642
5420068621903
5420068624911
5420068664566
5420068665464
5420068621958
5420068626489
5420068626519
5420068664719
5420068627110
5420068625185
5420068664429
5420068621057
5420068627158
5420068664443
5420068666478
5420068623983
5420068624959
5420068625383
5420068664238
5420068667574
5420068624348
5420068664634
5420068663972
5420068624317
5420068626854
5420068682164
5420068663965
5420068624461
5420068627035
5420068627097
5420068664399
5420068625857
6971901476079
5420068625062
5420068663620
5420068663712
5420068664351
6927116179823
5420068660094
5420068663545
5420068663552
5420068681334
5420068626915
5420068648269
5420068664283
5420068626809
5420068643196
5420068681235
5420068643578
5420068666218
5420068681389
