3286341801514
3286341801811
3286341802115
3286341802313
3286341802511
3286341805512
3286341806410
3286341806519
3286341807011
3286341807714
3286341809510
3286341936711
3286341937015
3286342851211
3286342858517
3528700614381
3528704097067
3528705691912
4019238300079
4024068005711
4024068005735
4024068005759
4024068005773
4024068005780
4024068005797
4024068005803
4024068005834
4038526072597
4038526397843
4038526397874
4260399943234
4968814925123
4968814937409
4968814958824
4968814963095
5420068601578
5420068603466
5420068604166
5420068604289
5420068604647
5420068605026
5420068605491
5420068606245
5420068606276
5420068606795
5420068606801
5420068606849
5420068606856
5420068606924
5420068607136
5420068607150
5420068607495
5420068610051
5420068610068
5420068612536
5420068612659
5420068617890
5420068627233
5420068628667
5420068661145
5420068661282
5420068661701
5420068661879
5420068662135
5420068662463
5420068662586
5420068663354
5420068663385
5420068663446
5420068663743
5420068663767
5420068663866
5420068663996
5420068664009
5420068664290
5420068664306
5420068664337
5420068664368
5420068664375
5420068664436
5420068664450
5420068664467
5420068664474
5420068664504
5420068664559
5420068664580
5420068664610
5420068664696
5420068664726
5420068664740
5420068664757
5420068664764
5420068664788
5420068664795
5420068664825
5420068664849
5420068664856
5420068664863
5420068664870
5420068664887
5420068664917
5420068664924
5420068664931
5420068664955
5420068664962
5420068664979
5420068664993
5420068665006
5420068665013
5420068665020
5420068665037
5420068665051
5420068665068
5420068665082
5420068665099
5420068665105
5420068665136
5420068665181
5420068665266
5420068665297
5420068665341
5420068665365
5420068665372
5420068665426
5420068665471
5420068665488
5420068665495
5420068665877
5420068665914
5420068665921
5420068665938
5420068665945
5420068665952
5420068665969
5420068665976
5420068665983
5420068665990
5420068666010
5420068666027
5420068666034
5420068666041
5420068666058
5420068666072
5420068666096
5420068666140
5420068666157
5420068666164
5420068666188
5420068666195
5420068666201
5420068666232
5420068666249
5420068666287
5420068666317
5420068666379
5420068666416
5420068666485
5420068666492
5420068666508
5420068666515
5420068666522
5420068666539
5420068666584
5420068666607
5420068666614
5420068666638
5420068666676
5420068666683
5420068666690
5420068666706
5420068666720
5420068666737
5420068666744
5420068666751
5420068666898
5420068666904
5420068666911
5420068666928
5420068666935
5420068666942
5420068666959
5420068666966
5420068666973
5420068666980
5420068666997
5420068667000
5420068667017
5420068667024
5420068667031
5420068667048
5420068667055
5420068667062
5420068667079
5420068667086
5420068667109
5420068667116
5420068667123
5420068667130
5420068667147
5420068667154
5420068667161
5420068667178
5420068667185
5420068667192
5420068667208
5420068667215
5420068667222
5420068667239
5420068667246
5420068667253
5420068667260
5420068667277
5420068667284
5420068667291
5420068667307
5420068667321
5420068667338
5420068667345
5420068667369
5420068667376
5420068667383
5420068667406
5420068667413
5420068667420
5420068667437
5420068667444
5420068667451
5420068667468
5420068667475
5420068667482
5420068667499
5420068667512
5420068667529
5420068667536
5420068667543
5420068667550
5420068667567
5420068667581
5420068667598
5420068667604
5420068667611
5420068667628
5420068667635
5420068667659
5420068667666
5420068667673
5420068667680
5420068667697
5420068667703
5420068667710
5420068667727
5420068667734
5420068667758
5420068667765
5420068667772
5420068667789
5420068667796
5420068667802
5420068667819
5420068667826
5420068667833
5420068667840
5420068667857
5420068667864
5420068667871
5420068667895
5420068667901
5420068667918
5420068667925
5420068667932
5420068667963
5420068667970
5420068667987
5420068667994
5420068668014
5420068668021
5420068668038
5420068668045
5420068668052
5420068668069
5420068668076
5420068668083
5420068668090
5420068668106
5420068668113
5420068668120
5420068668137
5420068668144
5420068668151
5420068668168
5420068668182
5420068668199
5420068668205
5420068668229
5420068668236
5420068668243
5420068668267
5420068668274
5420068668298
5420068668304
5420068668335
5420068668342
5420068668359
5420068668366
5420068668397
5420068668410
5420068668441
5420068668458
5420068668472
5420068668489
5420068668496
5420068668502
5420068668519
5420068668526
5420068668533
5420068668557
5420068668649
5420068668656
5420068668731
5420068668748
5420068668755
5420068668779
5420068668786
5420068668793
5420068668809
5420068668816
5420068668823
5420068668830
5420068668847
5420068668854
5420068668861
5420068668885
5420068668892
5420068668908
5420068668946
5420068668977
5420068668984
5420068669004
5420068669042
5420068669059
5420068669066
5420068669141
5420068669158
5420068669172
5420068669189
5420068669226
5420068669233
5420068669257
5420068669332
5420068669417
5420068669462
5420068669479
5420068669509
5420068669530
5420068669547
5420068669554
5420068669561
5420068669578
5420068669622
5420068669677
5420068669691
5420068669714
5420068669721
5420068669738
5420068669745
5420068669752
5420068669769
5420068669776
5420068669783
5420068669790
5420068669806
5420068669813
5420068669820
5420068669837
5420068669844
5420068669851
5420068669875
5420068669882
5420068669899
5420068669905
5420068669912
5420068669929
5420068669936
5420068669950
5420068669967
5420068669981
5420068672981
5420068672998
5420068673032
5420068673056
5420068673124
5420068673131
5420068673155
5420068673162
5420068673179
5420068673186
5420068673193
5420068673216
5420068673261
5420068673278
5420068673292
5420068673308
5420068673315
5420068673322
5420068673339
5420068673346
5420068673353
5420068673360
5420068673377
5420068673384
5420068673391
5420068673407
5420068673452
5420068673483
5420068673506
5420068673513
5420068673537
5420068673544
5420068673551
5420068673605
5420068673612
5420068673629
5420068673636
5420068673704
5420068673711
5420068673735
5420068673742
5420068673759
5420068673766
5420068673773
5420068673780
5420068673810
5420068673827
5420068673834
5420068673841
5420068673858
5420068673865
5420068673919
5420068673926
5420068673933
5420068673940
5452000470058
6419440408934
6921109063229
6921109063250
6927116109462
6927116128678
6927116128692
6927116149284
6927116155612
6927116159702
6927116167714
6927116175429
6927116179809
6927116182670
6927116195229
6938112605513
6938112605582
6938112607838
6938112607937
6938112608026
6938112614218
6938112614225
6938112614249
6938112614263
6938112614270
6938112614294
6938112614331
6938112615024
6938112616373
6938112619992
6938112620059
6938112620158
6938112620202
6938112622466
6938112622633
6938112622695
6938112624309
6938112626686
6938112626709
6938112626747
6938112626754
6938112627225
6938112627249
6938112636494
6938112637293
6938112637323
6938112637385
6943829518551
8019227267136
8019227393927
8019227393941
8019227393965
8019227394153
8019227395426
8019227395433
8019227395921
8019227396881
8019227399103
8019227399110
8019227404203
8019227405903
8019227424133
8019227425093
8019227426564
8019227428261
8714692290688
8714692313134
8714692313370
8714692313493
8714692313714
8714692315671
8714692315695
8714692315947
8714692315961
8714692316029
8714692340154
8714692340178
8714692341618
8714692345463
8714692353628
8714692358074
8714692358098
8714692358104
8714692358111
8714692358128
8714692358135
8714692358142
8714692358159
8714692358166
8714692358173
8714692358203
8714692358227
8714692358241
8714692358258
8714692358265
8714692358272
8714692358289
8714692358326
8714692358357
8714692358364
8714692358371
8714692358388
8714692358449
8714692358463
8714692358470
8714692358494
8714692358500
8714692361234
8714692361258
8714692361265
8714692361272
8714692361364
8714692361395
8714692361449
8714692361463
8714692361494
8714692361524
8714692361586
8714692361593
8714692361616
8714692361654
8714692361661
8714692361685
8714692361692
8714692361708
8714692361715
8714692361722
8714692361739
8714692361746
8714692361753
8714692361777
8714692361784
8714692361791
8714692361814
8714692361944
8714692361968
8714692362033
8714692362057
8714692504082
8714692504099
8714692504105
8714692505539
8714692624001
8714692800801
8714692801754
8714692801808
8714692801822
8714692801839
8714692801846
8714692801907
8714692801921
8714692801945
8714692801969
8714692801976
8714692801983
8714692802010
8714692802102
8714692802119
8714692802126
8714692802157
8714692802164
8714692802171
8714692802195
8714692802218
8714692802232
8714692802249
8714692802263
8714692802287
8714692802324
8714692802348
8714692802379
8714692802386
8714692802409
8714692802423
8714692802447
8714692802461
8714692802478
8714692802485
8714692802508
8714692802515
8714692802522
8714692802546
8714692802577
8714692802591
8714692802607
8714692802621
8714692802638
8714692802645
8714692802676
8714692802720
8714692802744
8714692802751
8714692802768
8714692802775
8714692802782
8714692802799
8714692802805
8714692802812
8714692802829
8714692802836
8714692802850
8714692802867
8714692802874
8714692802904
8714692802928
8714692802935
8714692804335
8714692804342
8714692804380
8714692804397
8714692804403
8714692804427
8714692804434
8714692804441
8714692804519
8714692804533
8714692804540
8714692804557
8714692804595
8714692804601
8714692804649
8714692804700
8714692804731
8714692804748
8714692804922
8714692805189
8714692805202
8714692805233
8714692805264
8714692805271
8714692806742
8714692807985
8714692808012
8714692808067
8714692809071
8714692809682
8714692809699
8714692809705
8714692809729
8714692809743
8714692809750
8714692809774
8714692810190
8714692810237
8714692810282
8714692810299
8714692810374
8714692810398
8714692810404
8714692810411
8714692810428
8714692810442
8714692810466
8714692810473
8714692810497
8714692810527
8714692810565
8714692810572
8714692810619
8714692810633
8714692810640
8714692810657
8714692810701
8714692810725
8714692810732
8714692810763
8714692810770
8714692810824
8714692810855
8714692810862
8714692810879
8714692810886
8714692810893
8714692810909
8714692810923
8714692810930
8714692811012
8714692811029
8714692811043
8714692811227
8714692812941
8714692813115
8714692981951
8714692983030
8714692983054
8714692983986
8714692984006
8714692984013
8714692984020
8714692984044
8714692984075
8714692984099
8714692984143
8714692984150
8714692984181
8714692984204
8714692984235
8714692984242
8714692984259
8714692984426
8714692984433
8714692984464
8714692984471
8714692984488
8714692984495
8714692984549
8714692984556
8714692984617
8714692984648
8714692984730
8714692984815
8714692984884
8714692984921
8714692984952
8714692985034
8714692985072
8714692985126
8714692985133
8714692985195
8714692985263
8714692985324
8714692985348
8714692985423
8714692985454
8714692988141
8714692988646
8714692988677
8714692988684
8714692988691
8714692988844
8714692988899
8714692988912
8714692991820
8714692992261
8714692992315
8714692993039
8714692993046
8714692993053
8714692993084
8714692993107
8714692993114
8714692993138
8714692993169
8714692993183
8714692993206
8714692994944
8714692994951
8714692994975
8714692994982
8714692994999
8714692995002
8714692995026
8714692995040
8714692995088
8714692995101
8714692995125
8714692995132
8714692995156
8714692995163
8714692995170
8714692995187
8714692995224
8714692995231
8714692995255
8714692995262
8714692995279
8714692995286
8714692995293
8714692995316
8714692995330
8714692995347
8714692995361
8714692995378
8714692995385
8714692995415
8714692995439
8714692995446
8714692995460
8714692995477
8714692995507
8714692995521
8714692995538
8714692995552
8714692995569
8714692996771
8714692998348
8714692998355
8714692998379
8714692998386
8714692998393
8714692998409
8714692998423
8714692998430
8714692998447
8714692998454
8714692998461
8714692998515
8714692998812
8808563479835
8808563548012
8808563556826
8808563567280
8808563574967
8808563574998
8808563575001
8808563575087
8808563575315
8808563575506
8808563576084
8808563593500
8808563593739
8808563594798
8808563596471
8808563596495
8808563596549
8808563621876
8808563633589
8808563634548
8808563634951
8808563634968
8808563634975
8808563635057
8808563635064
8808563635071
8808563635200
8808956238537
