3286340273619
3286340658416
3286340729512
3286340729819
3286340775618
3286340810616
3286340811019
3286340991414
3286341074116
3286341401714
3286341406719
3286341938210
3286341954616
3286342055114
3286342056210
3286342056517
3286342056913
3286342057613
3286342058917
3286342089010
3286342090115
3286342090313
3286342130217
3286342131115
3286342238012
3286342238616
3286342239415
3286342274317
3286342276717
3286342292519
3286342311715
3286342393513
3286342603513
3286342604619
3286342606712
3286342747019
3286342855110
3286342986616
3286343150719
3528700148787
3528701462165
3528701492032
3528701514727
3528701727950
3528702427811
3528702885437
3528702937440
3528703296362
3528703933526
3528706163661
3528707073716
3528708717329
3528708845060
3528709643498
3528709710855
4019238016291
4019238066968
4019238075694
4019238077957
4019238078855
4019238079265
4019238080469
4019238092769
4019238092776
4019238094480
4019238097474
4019238097573
4019238097689
4019238097795
4019238287530
4019238328325
4019238363333
4019238526004
4019238528091
4019238597080
4019238632026
4019238651812
4019238675337
4019238695274
4019238728354
4019238751116
4019238754100
4019238772036
4019238772333
4019238780734
4019238793963
4024067007006
4024068000686
4024068002246
4024068002321
4024068002666
4024068002765
4024068002888
4024068002987
4024068003113
4024068003144
4024068006060
4024068006107
4024068006268
4024068006596
4024068007166
4024068007241
4024068008118
4024068008125
4024068008132
4024068008149
4024068008156
4024068008163
4024068008187
4024068008231
4024068008255
4024068008293
4024068008309
4024068008316
4024068008323
4024068008330
4024068443001
4038526067845
4038526067852
4038526067920
4038526068149
4038526068200
4038526068231
4038526068248
4038526068729
4038526068774
4038526068798
4038526068972
4038526069016
4038526069078
4038526069108
4038526069214
4038526069238
4038526069511
4038526070142
4038526074157
4038526102935
4038526338211
4038526342256
4038526344540
4038526351555
4038526351579
4038526351715
4038526351777
4038526353979
4038526355447
4038526360199
4038526360328
4038526389268
4038526394798
4038526403575
4038526413079
4038526415196
4038526416889
4038526420220
4038526420282
4038526424297
4038526430939
4038526430960
4038526431080
4038526431189
4038526433503
4038526434906
4038526435064
4038526435088
4038526435095
4038526435255
4038526445612
4038526445643
4038526445650
4038526445667
4038526445674
4038526445681
4038526445773
4038526445780
4038526446305
4038526446336
4038526446343
4038526446367
4038526446374
4038526446381
4038526446398
4038526446404
4038526446411
4038526446510
4038526447791
4038526447821
4038526447838
4038526447906
4038526447920
4038526448002
4038526448026
4038526448071
4038526448101
4038526448187
4038526448194
4038526448293
4038526448736
4038526448767
4038526448804
4038526448835
4038526448910
4038526448958
4038526472892
4038526473318
4038526475176
4038526477439
4038526477453
4038526477477
4038526477705
4038526478061
4038526479235
4038526481290
4038526487063
4038526489067
4038526490797
4038526490889
4038526490896
4038526490940
4038526492678
4038526492784
4038526493361
4038526493897
4038526494047
4038526494054
4038526494092
4038526494122
4038526494146
4038526494191
4038526494320
4038526494337
4038526494344
4038526494412
4038526494719
4038526495419
4038526495426
4038526495488
4038526495501
4038526495532
4038526495600
4038526495631
4038526495655
4038526495754
4038526496485
4038526497598
4038526497635
4038526504203
4038526504777
4038526508928
4038526510143
4038526510709
4038526514059
4038526521460
4038526523433
4038526528568
4038526529732
4038526531629
4038526531711
4038526537249
4038526537270
4038526540027
4038526540072
4038526540096
4038526540355
4038526540379
4038526540423
4038526540560
5404047200211
5404047200235
5404047200259
5404047200341
5404047200358
5404047200365
5404047200372
5404047200426
5404047201492
5404047201546
5404047201690
5404047201720
5404047203731
5404047203779
5404047203793
5404047203830
5404047203847
5404047203984
5404047203991
5404047204417
5404047204530
5404047204547
5404047204622
5404047204646
5404047204677
5404047204684
5404047204820
5404047204851
5404047204875
5404047204899
5404047204905
5404047204912
5404047204998
5404047205087
5404047205094
5404047205131
5404047205186
5404047205292
5404047205407
5404047205483
5404047205513
5404047205520
5404047208217
5404047208224
5404047208231
5404047208248
5404047208286
5404047208293
5404047208309
5404047208316
5404047208323
5404047208330
5404047208378
5404047208385
5404047208392
5404047208408
5404047208415
5404047208439
5404047208446
5404047208460
5404047208484
5404047208491
5404047208507
5404047208514
5404047208521
5404047208538
5404047208545
5404047208552
5404047208569
5404047208576
5404047208583
5404047208590
5404047208606
5404047208613
5404047208620
5404047208637
5404047208644
5404047208668
5404047208675
5404047208682
5404047208699
5404047208729
5404047208750
5404047208781
5404047208798
5404047208804
5404047208811
5404047208835
5404047208866
5404047208880
5404047208897
5404047208903
5404047208910
5404047208927
5404047208958
5404047208972
5404047208989
5404047208996
5404047209009
5404047209023
5404047209030
5404047209054
5404047209061
5404047209078
5404047209085
5404047209108
5404047209139
5404047209146
5404047209160
5404047209184
5404047209207
5404047209214
5404047209238
5404047209245
5404047209252
5404047209269
5404047209313
5404047209320
5404047209344
5404047209368
5404047209382
5404047209399
5404047209405
5404047209412
5404047209429
5404047209436
5404047209443
5404047209450
5404047209467
5404047209481
5404047209498
5404047209504
5404047209573
5404047209597
5404047209634
5404047209658
5404047209832
5404047209849
5404047209856
5404047209863
5404047209924
5404047210067
5404047210074
5404047210111
5404047210203
5404047210210
5404047210241
5404047210272
5404047210302
5404047210517
5404047210593
5404047210630
5404047210685
5420068600427
5420068601578
5420068604166
5420068604289
5420068604425
5420068604647
5420068605026
5420068605484
5420068605491
5420068605613
5420068605620
5420068605651
5420068605699
5420068605811
5420068606061
5420068606085
5420068606108
5420068606115
5420068606139
5420068606160
5420068606177
5420068606207
5420068606221
5420068606245
5420068606276
5420068606849
5420068606979
5420068607037
5420068607099
5420068607105
5420068607143
5420068607167
5420068607174
5420068607181
5420068607266
5420068607280
5420068607402
5420068607419
5420068607426
5420068607433
5420068607464
5420068607471
5420068607488
5420068607495
5420068607525
5420068607716
5420068607792
5420068607822
5420068608577
5420068612536
5420068617555
5420068617685
5420068617852
5420068618101
5420068618385
5420068618590
5420068618651
5420068619207
5420068619269
5420068619511
5420068619535
5420068619610
5420068619771
5420068619788
5420068619801
5420068621903
5420068622894
5420068622917
5420068624119
5420068624249
5420068624317
5420068624416
5420068625482
5420068626489
5420068626496
5420068626526
5420068626564
5420068626588
5420068626649
5420068626694
5420068626731
5420068627097
5420068627325
5420068627653
5420068627769
5420068628087
5420068628148
5420068628254
5420068628377
5420068628506
5420068629558
5420068629602
5420068629923
5420068633500
5420068634200
5420068634286
5420068634750
5420068634996
5420068635016
5420068635139
5420068635160
5420068635252
5420068635337
5420068635399
5420068635511
5420068635597
5420068635740
5420068635887
5420068636013
5420068636044
5420068636471
5420068636846
5420068636884
5420068636891
5420068636976
5420068637065
5420068637249
5420068637256
5420068637348
5420068637423
5420068637553
5420068637638
5420068638789
5420068638840
5420068639083
5420068639533
5420068639571
5420068639595
5420068659043
5420068659135
5420068660094
5420068662050
5420068662418
5420068662425
5420068662456
5420068663675
5420068663972
5420068664214
5420068664351
5420068665228
5420068665853
5420068665860
5420068665891
5420068666003
5420068673889
5420068673896
5420068674084
5420068674169
5420068674206
5420068674275
5420068674367
5420068674510
5420068674534
5420068674572
5420068674619
5420068674626
5420068674688
5420068674725
5420068674763
5420068674831
5420068674961
5420068675081
5420068675296
5420068675326
5420068675401
5420068675616
5420068675944
5420068676125
5420068676651
5420068676835
5420068676958
5420068677542
5420068677979
5420068678426
5420068678563
5420068678808
5420068678853
5420068678884
5420068678945
5420068678976
5420068679010
5420068679133
5420068679300
5420068679362
5420068679980
5420068681327
5420068681655
5420068681877
5420068682140
5420068683932
5420068688074
5420068688081
5452000438744
5452000470522
5452000488084
5452000681881
5452000682338
5452000703712
5452000809148
6927116141899
6932621606979
6938112620936
6938112621940
6938112622114
6938112622121
6938112622169
6938112622329
6971901472620
6971901476246
6971901476437
6971901477359
6971901478394
6971901479797
6973033760712
6973033760729
6973033768039
6975222073313
6975222078462
6977674002576
8019227174823
8019227183009
8019227187601
8019227205602
8019227209488
8019227212846
8019227214673
8019227214819
8019227220476
8019227220490
8019227220575
8019227220735
8019227229783
8019227230253
8019227230635
8019227237733
8019227243574
8019227246254
8019227247930
8019227248999
8019227254433
8019227256338
8019227261745
8019227263237
8019227265231
8019227270990
8019227272291
8019227274301
8019227276435
8019227286120
8019227286137
8019227291001
8019227314311
8019227327564
8019227357400
8019227364408
8019227395365
8019227426175
8019227429459
8019227432503
8019227450248
8019227454383
8019227465365
8019227465655
8019227466270
8019227468151
8019227479348
8019227485530
8714692800818
8714692981937
8714692985232
8808563266503
8808563285351
8808563340173
8808563340371
8808563340388
8808563359519
8808563359526
8808563367460
8808563367484
8808563375274
8808563377940
8808563399706
8808563411330
8808563411378
8808563411552
8808563411767
8808563411927
8808563413655
8808563413938
8808563433493
8808563451800
8808563451862
8808563453507
8808563470450
8808563471792
8808563521800
8808563536682
8808563546902
8808563565798
8808563574776
8808563575278
8808563575360
8808563575377
8808563575391
8808563575469
8808563575490
8808563590417
8808563590479
8808563590592
8808563590622
8808563590646
8808563590691
8808563590707
8808563591100
8808563596174
8808563596426
8808563615080
8808563615141
8808563615219
8808563615226
8808563615578
8808563615905
8808563633459
8808563648620
8808563651873
8808563652191
8808956252106
8848183005335
8848183005380
8848183005397
8848183005526
8848183005533
8848183005540
8848183005564
8848183005625
8848183005656
8848183005694
8848183005700
8848183005731
8848183005748
8848183005786
8848183005816
8848183005861
8848183005885
8848183005892
8848183005908
8848183005922
8848183005939
8848183005946
8848183005953
8848183006028
8848183006035
8848183006080
8848183006103
8848183006172
8848183006196
8848183006226
8848183006264
8848183006400
8848183006431
8848183006448
8848183006455
8848183006516
8848183006547
8848183006608
8848183006677
8848183006684
8848183006691
8848183006707
8848183006851
8848183006912
8848183006974
8848183006981
8848183007018
8848183007131
8848183007179
8848183007292
8848183007445
8848183008756
8848183008763
8848183008770
8848183008787
8848183008879
8848183008954
8848183008978
8848183008992
8848183009043
8848183009098
8848183009128
8848183009173
8848183009197
8848183009203
8848183009227
8848184026155
8848184026384
8848184029378
8848184034228
8859903102616
8859903102920
8859903103071
8859903103613
8859903103668
8859903103910
8859903103927
8859903104139
8859903104504
8859903104672
8859903104726
8859903104795
8859903104948
8859903104962
8859903105051
8859903105549
8859903106881
8859903106942
8859903107215
8859903107390
8859903107475
8859903120092
